 1974.01    2442048.5000  2.18375001e+03
 1974.02    2442079.5000  2.21933385e+03
 1974.03    2442107.5000  2.10838951e+03
 1974.04    2442138.5000  2.08903661e+03
 1974.05    2442168.5000  2.01754524e+03
 1974.06    2442199.5000  1.89705349e+03
 1974.07    2442229.5000  1.65736865e+03
 1974.08    2442260.5000  1.64435918e+03
 1974.09    2442291.5000  1.55403691e+03
 1974.10    2442321.5000  1.43415376e+03
 1974.11    2442352.5000  1.44801580e+03
 1974.12    2442382.5000  1.52266180e+03
 1975.01    2442413.5000  1.63540661e+03
 1975.02    2442444.5000  1.74673544e+03
 1975.03    2442472.5000  1.84237806e+03
 1975.04    2442503.5000  1.98235698e+03
 1975.05    2442533.5000  2.05025515e+03
 1975.06    2442564.5000  2.11088097e+03
 1975.07    2442594.5000  2.13933299e+03
 1975.08    2442625.5000  2.13368156e+03
 1975.09    2442656.5000  2.12169761e+03
 1975.10    2442686.5000  2.12986198e+03
 1975.11    2442717.5000  2.06030519e+03
 1975.12    2442747.5000  2.02660718e+03
 1976.01    2442778.5000  2.02475140e+03
 1976.02    2442809.5000  1.96510725e+03
 1976.03    2442838.5000  1.98569789e+03
 1976.04    2442869.5000  1.95313398e+03
 1976.05    2442899.5000  1.99030334e+03
 1976.06    2442930.5000  2.06696895e+03
 1976.07    2442960.5000  2.17382236e+03
 1976.08    2442991.5000  2.23777537e+03
 1976.09    2443022.5000  2.30711507e+03
 1976.10    2443052.5000  2.36689559e+03
 1976.11    2443083.5000  2.33354371e+03
 1976.12    2443113.5000  2.30948499e+03
 1977.01    2443144.5000  2.25391565e+03
 1977.02    2443175.5000  2.24083175e+03
 1977.03    2443203.5000  2.24827037e+03
 1977.04    2443234.5000  2.26789683e+03
 1977.05    2443264.5000  2.30928351e+03
 1977.06    2443295.5000  2.32842995e+03
 1977.07    2443325.5000  2.19925501e+03
 1977.08    2443356.5000  2.20470092e+03
 1977.09    2443387.5000  2.16353505e+03
 1977.10    2443417.5000  2.08367798e+03
 1977.11    2443448.5000  2.19800009e+03
 1977.12    2443478.5000  2.17139312e+03
 1978.01    2443509.5000  2.04143730e+03
 1978.02    2443540.5000  1.96144134e+03
 1978.03    2443568.5000  1.79202053e+03
 1978.04    2443599.5000  1.73386819e+03
 1978.05    2443629.5000  1.49164755e+03
 1978.06    2443660.5000  1.46044717e+03
 1978.07    2443690.5000  1.39943682e+03
 1978.08    2443721.5000  1.47008933e+03
 1978.09    2443752.5000  1.55708532e+03
 1978.10    2443782.5000  1.56417892e+03
 1978.11    2443813.5000  1.54328736e+03
 1978.12    2443843.5000  1.56290077e+03
 1979.01    2443874.5000  1.51591941e+03
 1979.02    2443905.5000  1.45155909e+03
 1979.03    2443933.5000  1.34791313e+03
 1979.04    2443964.5000  1.23888081e+03
 1979.05    2443994.5000  1.23175579e+03
 1979.06    2444025.5000  1.12646975e+03
 1979.07    2444055.5000  1.04754688e+03
 1979.08    2444086.5000  9.27870530e+02
 1979.09    2444117.5000  7.99756454e+02
 1979.10    2444147.5000  8.15843423e+02
 1979.11    2444178.5000  8.68301030e+02
 1979.12    2444208.5000  8.79890482e+02
 1980.01    2444239.5000  8.61750896e+02
 1980.02    2444270.5000  8.37046170e+02
 1980.03    2444299.5000  8.34129845e+02
 1980.04    2444330.5000  8.27699285e+02
 1980.05    2444360.5000  8.05798747e+02
 1980.06    2444391.5000  7.04266897e+02
 1980.07    2444421.5000  6.43119453e+02
 1980.08    2444452.5000  5.88331766e+02
 1980.09    2444483.5000  5.40990861e+02
 1980.10    2444513.5000  4.90652571e+02
 1980.11    2444544.5000  4.69016218e+02
 1980.12    2444574.5000  4.49358585e+02
 1981.01    2444605.5000  4.67716614e+02
 1981.02    2444636.5000  4.41464679e+02
 1981.03    2444664.5000  4.29388382e+02
 1981.04    2444695.5000  4.10962451e+02
 1981.05    2444725.5000  3.86657420e+02
 1981.06    2444756.5000  4.17664891e+02
 1981.07    2444786.5000  4.28739802e+02
 1981.08    2444817.5000  4.40502992e+02
 1981.09    2444848.5000  4.60612135e+02
 1981.10    2444878.5000  4.70946357e+02
 1981.11    2444909.5000  4.74155715e+02
 1981.12    2444939.5000  4.80948334e+02
 1982.01    2444970.5000  5.18490092e+02
 1982.02    2445001.5000  5.29207148e+02
 1982.03    2445029.5000  5.66190142e+02
 1982.04    2445060.5000  6.00281066e+02
 1982.05    2445090.5000  6.40532412e+02
 1982.06    2445121.5000  6.08005060e+02
 1982.07    2445151.5000  5.45325182e+02
 1982.08    2445182.5000  5.22081272e+02
 1982.09    2445213.5000  4.96552877e+02
 1982.10    2445243.5000  4.70968863e+02
 1982.11    2445274.5000  4.69649558e+02
 1982.12    2445304.5000  4.50499172e+02
 1983.01    2445335.5000  4.46217582e+02
 1983.02    2445366.5000  4.73982474e+02
 1983.03    2445394.5000  4.99016969e+02
 1983.04    2445425.5000  5.10257216e+02
 1983.05    2445455.5000  5.07544297e+02
 1983.06    2445486.5000  5.21391585e+02
 1983.07    2445516.5000  5.48331865e+02
 1983.08    2445547.5000  5.74149849e+02
 1983.09    2445578.5000  6.28199715e+02
 1983.10    2445608.5000  6.65763619e+02
 1983.11    2445639.5000  6.89300635e+02
 1983.12    2445669.5000  7.23240584e+02
 1984.01    2445700.5000  7.69219213e+02
 1984.02    2445731.5000  7.73277910e+02
 1984.03    2445760.5000  7.42799555e+02
 1984.04    2445791.5000  7.47944976e+02
 1984.05    2445821.5000  7.19485595e+02
 1984.06    2445852.5000  7.51463815e+02
 1984.07    2445882.5000  7.72275912e+02
 1984.08    2445913.5000  8.05191850e+02
 1984.09    2445944.5000  8.22228237e+02
 1984.10    2445974.5000  8.46657984e+02
 1984.11    2446005.5000  8.57998492e+02
 1984.12    2446035.5000  8.72257568e+02
 1985.01    2446066.5000  8.98379603e+02
 1985.02    2446097.5000  9.27479961e+02
 1985.03    2446125.5000  9.49254477e+02
 1985.04    2446156.5000  9.76266999e+02
 1985.05    2446186.5000  1.00255591e+03
 1985.06    2446217.5000  1.05178258e+03
 1985.07    2446247.5000  1.10615172e+03
 1985.08    2446278.5000  1.10610813e+03
 1985.09    2446309.5000  1.18160003e+03
 1985.10    2446339.5000  1.26409330e+03
 1985.11    2446370.5000  1.31052476e+03
 1985.12    2446400.5000  1.32393783e+03
 1986.01    2446431.5000  1.35364815e+03
 1986.02    2446462.5000  1.33627283e+03
 1986.03    2446490.5000  1.35105290e+03
 1986.04    2446521.5000  1.38853512e+03
 1986.05    2446551.5000  1.44215241e+03
 1986.06    2446582.5000  1.53709979e+03
 1986.07    2446612.5000  1.61151426e+03
 1986.08    2446643.5000  1.64948951e+03
 1986.09    2446674.5000  1.69981513e+03
 1986.10    2446704.5000  1.77376984e+03
 1986.11    2446735.5000  1.78421790e+03
 1986.12    2446765.5000  1.89150783e+03
 1987.01    2446796.5000  1.97975402e+03
 1987.02    2446827.5000  2.08244969e+03
 1987.03    2446855.5000  2.11010177e+03
 1987.04    2446886.5000  2.12072229e+03
 1987.05    2446916.5000  2.07312904e+03
 1987.06    2446947.5000  2.01495888e+03
 1987.07    2446977.5000  1.88024494e+03
 1987.08    2447008.5000  1.77107867e+03
 1987.09    2447039.5000  1.70027086e+03
 1987.10    2447069.5000  1.66449429e+03
 1987.11    2447100.5000  1.57822131e+03
 1987.12    2447130.5000  1.56781569e+03
 1988.01    2447161.5000  1.47288601e+03
 1988.02    2447192.5000  1.47688816e+03
 1988.03    2447221.5000  1.47078297e+03
 1988.04    2447252.5000  1.40989097e+03
 1988.05    2447282.5000  1.39517493e+03
 1988.06    2447313.5000  1.33935247e+03
 1988.07    2447343.5000  1.26628205e+03
 1988.08    2447374.5000  1.26134085e+03
 1988.09    2447405.5000  1.23604731e+03
 1988.10    2447435.5000  1.20491466e+03
 1988.11    2447466.5000  1.15737316e+03
 1988.12    2447496.5000  1.12312632e+03
 1989.01    2447527.5000  9.35782312e+02
 1989.02    2447558.5000  8.97243616e+02
 1989.03    2447586.5000  8.01538871e+02
 1989.04    2447617.5000  7.58314121e+02
 1989.05    2447647.5000  7.30825680e+02
 1989.06    2447678.5000  6.38978997e+02
 1989.07    2447708.5000  5.70633579e+02
 1989.08    2447739.5000  5.10493408e+02
 1989.09    2447770.5000  3.89643490e+02
 1989.10    2447800.5000  3.61844859e+02
 1989.11    2447831.5000  3.23517391e+02
 1989.12    2447861.5000  3.23528889e+02
 1990.01    2447892.5000  3.68355191e+02
 1990.02    2447923.5000  4.07838537e+02
 1990.03    2447951.5000  3.98987900e+02
 1990.04    2447982.5000  3.45726976e+02
 1990.05    2448012.5000  3.27420846e+02
 1990.06    2448043.5000  3.18885812e+02
 1990.07    2448073.5000  3.06578256e+02
 1990.08    2448104.5000  2.96160475e+02
 1990.09    2448135.5000  3.13776779e+02
 1990.10    2448165.5000  3.41047691e+02
 1990.11    2448196.5000  3.46855620e+02
 1990.12    2448226.5000  3.57974496e+02
 1991.01    2448257.5000  3.81333674e+02
 1991.02    2448288.5000  3.81702573e+02
 1991.03    2448316.5000  3.60711286e+02
 1991.04    2448347.5000  3.28351989e+02
 1991.05    2448377.5000  3.35112671e+02
 1991.06    2448408.5000  3.17937156e+02
 1991.07    2448438.5000  2.93426568e+02
 1991.08    2448469.5000  3.21811459e+02
 1991.09    2448500.5000  3.42358356e+02
 1991.10    2448530.5000  3.94594530e+02
 1991.11    2448561.5000  4.25300850e+02
 1991.12    2448591.5000  4.95018404e+02
 1992.01    2448622.5000  5.48188359e+02
 1992.02    2448653.5000  5.71017042e+02
 1992.03    2448682.5000  5.81354636e+02
 1992.04    2448713.5000  6.17982325e+02
 1992.05    2448743.5000  6.42024460e+02
 1992.06    2448774.5000  6.90918091e+02
 1992.07    2448804.5000  7.63127117e+02
 1992.08    2448835.5000  8.29816492e+02
 1992.09    2448866.5000  8.99026080e+02
 1992.10    2448896.5000  9.86463992e+02
 1992.11    2448927.5000  8.86609600e+02
 1992.12    2448957.5000  1.01044484e+03
 1993.01    2448988.5000  1.09596124e+03
 1993.02    2449019.5000  1.13404407e+03
 1993.03    2449047.5000  1.14835600e+03
 1993.04    2449078.5000  1.19897744e+03
 1993.05    2449108.5000  1.26086090e+03
 1993.06    2449139.5000  1.30913591e+03
 1993.07    2449169.5000  1.35666574e+03
 1993.08    2449200.5000  1.39426306e+03
 1993.09    2449231.5000  1.46450032e+03
 1993.10    2449261.5000  1.50984596e+03
 1993.11    2449292.5000  1.56570275e+03
 1993.12    2449322.5000  1.56184462e+03
 1994.01    2449353.5000  1.60032468e+03
 1994.02    2449384.5000  1.53143637e+03
 1994.03    2449412.5000  1.51580202e+03
 1994.04    2449443.5000  1.49045554e+03
 1994.05    2449473.5000  1.42728130e+03
 1994.06    2449504.5000  1.33391202e+03
 1994.07    2449534.5000  1.39459108e+03
 1994.08    2449565.5000  1.45973082e+03
 1994.09    2449596.5000  1.60747115e+03
 1994.10    2449626.5000  1.75426790e+03
 1994.11    2449657.5000  1.84851806e+03
 1994.12    2449687.5000  1.91803371e+03
 1995.01    2449718.5000  1.98702798e+03
 1995.02    2449749.5000  2.03616450e+03
 1995.03    2449777.5000  1.97007794e+03
 1995.04    2449808.5000  1.99188217e+03
 1995.05    2449838.5000  1.99712012e+03
 1995.06    2449869.5000  2.01232460e+03
 1995.07    2449899.5000  2.03370402e+03
 1995.08    2449930.5000  2.02216847e+03
 1995.09    2449961.5000  2.10477025e+03
 1995.10    2449991.5000  2.13564721e+03
 1995.11    2450022.5000  2.20423713e+03
 1995.12    2450052.5000  2.24887190e+03
 1996.01    2450083.5000  2.29243879e+03
 1996.02    2450114.5000  2.32443993e+03
 1996.03    2450143.5000  2.34748790e+03
 1996.04    2450174.5000  2.32446058e+03
 1996.05    2450204.5000  2.35253607e+03
 1996.06    2450235.5000  2.34114659e+03
 1996.07    2450265.5000  2.40101002e+03
 1996.08    2450296.5000  2.37811298e+03
 1996.09    2450327.5000  2.36296859e+03
 1996.10    2450357.5000  2.26050725e+03
 1996.11    2450388.5000  2.26053826e+03
 1996.12    2450418.5000  2.28732405e+03
 1997.01    2450449.5000  2.35200997e+03
 1997.02    2450480.5000  2.40984478e+03
 1997.03    2450508.5000  2.41871851e+03
 1997.04    2450539.5000  2.39952902e+03
 1997.05    2450569.5000  2.39627493e+03
 1997.06    2450600.5000  2.44445946e+03
 1997.07    2450630.5000  2.43164108e+03
 1997.08    2450661.5000  2.46714037e+03
 1997.09    2450692.5000  2.48111060e+03
 1997.10    2450722.5000  2.41283296e+03
 1997.11    2450753.5000  2.27290100e+03
 1997.12    2450783.5000  2.29235651e+03
 1998.01    2450814.5000  2.36911188e+03
 1998.02    2450845.5000  2.31778729e+03
 1998.03    2450873.5000  2.27103355e+03
 1998.04    2450904.5000  1.98056503e+03
 1998.05    2450934.5000  1.74993922e+03
 1998.06    2450965.5000  1.70764021e+03
 1998.07    2450995.5000  1.70890899e+03
 1998.08    2451026.5000  1.74840487e+03
 1998.09    2451057.5000  1.73627698e+03
 1998.10    2451087.5000  1.78507771e+03
 1998.11    2451118.5000  1.74453019e+03
 1998.12    2451148.5000  1.62830420e+03
 1999.01    2451179.5000  1.57290017e+03
 1999.02    2451210.5000  1.54180136e+03
 1999.03    2451238.5000  1.50679114e+03
 1999.04    2451269.5000  1.48326875e+03
 1999.05    2451299.5000  1.43155652e+03
 1999.06    2451330.5000  1.39943545e+03
 1999.07    2451360.5000  1.44374868e+03
 1999.08    2451391.5000  1.42314450e+03
 1999.09    2451422.5000  1.31458262e+03
 1999.10    2451452.5000  1.15971122e+03
 1999.11    2451483.5000  1.05949918e+03
 1999.12    2451513.5000  9.63585158e+02
 2000.01    2451544.5000  8.95144782e+02
 2000.02    2451575.5000  8.25852174e+02
 2000.03    2451604.5000  7.41778502e+02
 2000.04    2451635.5000  7.01878699e+02
 2000.05    2451665.5000  6.26614374e+02
 2000.06    2451696.5000  5.60936852e+02
 2000.07    2451726.5000  4.96076843e+02
 2000.08    2451757.5000  4.16164367e+02
 2000.09    2451788.5000  4.28161159e+02
 2000.10    2451818.5000  4.38514805e+02
 2000.11    2451849.5000  4.04758690e+02
 2000.12    2451879.5000  4.09391637e+02
 2001.01    2451910.5000  4.11909278e+02
 2001.02    2451941.5000  4.06416387e+02
 2001.03    2451969.5000  4.57555462e+02
 2001.04    2452000.5000  4.24939082e+02
 2001.05    2452030.5000  4.41139327e+02
 2001.06    2452061.5000  4.89697808e+02
 2001.07    2452091.5000  5.15246962e+02
 2001.08    2452122.5000  5.26663380e+02
 2001.09    2452153.5000  5.20565710e+02
 2001.10    2452183.5000  4.62992416e+02
